0
0
0
10000111011001010100001100100001
00011000011101100101010000110010
00100001100001110110010101000011
00110010000110000111011001010100
01000011001000011000011101100101
01010100001100100001100001110110
01100101010000110010000110000111
01110110010101000011001000011000
10000111011001010100001100100001
00011000011101100101010000110010
00100001100001110110010101000011
00110010000110000111011001010100
01000011001000011000011101100101
01010100001100100001100001110110
01100101010000110010000110000111
01110110010101000011001000011000
10000111011001010100001100100001
00011000011101100101010000110010
00100001100001110110010101000011
00110010000110000111011001010100
01000011001000011000011101100101
01010100001100100001100001110110
01100101010000110010000110000111
01110110010101000011001000011000
10000111011001010100001100100001
00011000011101100101010000110010
00100001100001110110010101000011
00110010000110000111011001010100
01000011001000011000011101100101
01010100001100100001100001110110
01100101010000110010000110000111
01110110010101000011001000011000
10000111011001010100001100100001
00011000011101100101010000110010
00100001100001110110010101000011
00110010000110000111011001010100
