0
0
0
00110010000100001111111011011100
11000011001000010000111111101101
11011100001100100001000011111110
11101101110000110010000100001111
11111110110111000011001000010000
00001111111011011100001100100001
00010000111111101101110000110010
00100001000011111110110111000011
00110010000100001111111011011100
11000011001000010000111111101101
11011100001100100001000011111110
11101101110000110010000100001111
11111110110111000011001000010000
00001111111011011100001100100001
00010000111111101101110000110010
00100001000011111110110111000011
